484.20;846.45;762.90;933.30;651.00;683.25;713.25;602.70;535.35;434.70;418.50;394.20;461.55;584.55;510.00;581.70;541.80;442.05;586.65;570.60;559.80;406.35;511.95;456.60;250.35;329.40;264.60;354.15;253.95;0.00;101.55;0.00;2.70;27.90;195.15;122.55;194.10;107.25;54.15;59.85;0.00;0.00;0.00;0.00;0.00;0.00;0.00;86.40;184.95;320.40;289.95;345.75;214.35;3.00;0.00;0.00;137.40;176.55;122.70;87.60;18.00;34.80;63.90;92.40;61.95;27.30;36.00;21.00;10.05;24.15;94.05;199.35;270.60;361.50;402.75;338.40;342.90;338.40;333.00;336.45;453.75;369.00;583.65;880.65;736.65;977.85;769.50;514.80;902.85;731.70;786.75;893.10;685.05;823.95;552.15;968.55
61.05;62.25;60.90;60.90;60.00;59.70;58.95;84.30;79.65;67.35;57.90;60.30;59.55;59.10;69.45;69.60;69.30;65.10;56.10;50.85;57.30;57.15;57.90;54.15;56.55;55.65;98.55;82.05;82.80;144.15;145.80;153.60;168.60;158.10;217.80;326.55;363.60;365.40;412.50;461.40;428.55;452.40;442.50;471.45;464.85;448.80;445.80;416.40;468.60;495.00;469.05;487.50;502.35;536.70;545.10;494.55;486.60;506.70;558.00;546.00;606.90;609.60;649.80;716.40;672.30;650.85;672.90;670.80;542.10;507.90;433.35;312.15;306.90;283.35;243.30;196.20;200.70;244.20;210.60;166.95;166.65;189.60;162.90;153.00;185.10;226.65;189.00;246.60;180.90;130.35;108.45;127.20;94.65;68.25;77.55;63.15
621.90;574.95;526.80;576.00;517.05;507.00;552.75;465.90;482.10;454.20;415.65;431.25;422.25;417.15;434.70;379.95;384.15;419.25;386.40;395.85;407.55;389.70;413.70;407.85;637.05;555.90;547.05;550.05;611.25;675.90;764.25;1007.70;1260.15;1502.25;1746.45;1817.25;2201.85;2329.65;2498.85;2496.60;2582.55;2658.00;2706.90;2728.20;2724.90;2769.60;2740.95;2790.90;2694.30;2798.85;2705.55;2734.35;2766.30;2755.80;2641.95;2661.30;2624.40;2586.75;2655.45;2672.85;2640.00;2629.35;2673.75;2569.95;2641.95;2707.20;2694.45;2717.70;2706.45;2493.75;2475.15;2369.55;2159.40;2121.90;2034.90;1870.35;1802.85;1712.10;1747.65;1690.35;1631.85;1545.60;1472.55;1386.45;1248.30;1182.90;1021.50;927.90;872.70;735.75;768.75;766.65;654.60;662.70;661.20;586.20
1010.10;963.45;942.45;955.80;971.85;998.25;1038.90;950.40;948.00;932.25;933.90;934.35;968.85;968.70;961.80;916.80;925.50;888.60;943.95;930.45;937.50;921.75;937.50;935.25;946.05;1001.25;976.05;1023.75;1016.85;940.95;1039.50;1006.50;1008.75;999.45;982.50;1020.90;1025.55;996.30;1044.75;1087.35;947.10;907.50;999.15;943.65;816.75;875.70;840.90;915.90;918.15;890.85;820.05;952.80;847.95;1123.05;1038.00;993.60;1068.45;1099.65;1094.70;1066.20;1037.10;1140.00;1140.00;1086.75;1147.80;1152.00;1259.10;1258.65;1255.80;1250.10;1260.60;1300.80;1253.10;1240.95;1265.85;1233.15;1109.70;1206.00;1110.00;1163.70;1122.00;1094.55;1140.30;1153.20;1195.80;1119.90;1102.80;1167.60;1137.90;1164.60;1192.35;1081.50;1145.25;1142.55;1152.00;1157.40
45.60;31.50;46.80;42.90;30.70;27.60;60.90;30.40;26.40;41.80;29.00;26.30;24.60;27.50;44.50;25.40;41.70;24.60;22.20;40.40;23.20;39.90;21.30;20.90;21.00;38.70;24.60;87.50;334.00;792.70;1089.60;1218.00;1230.10;1219.00;1300.70;1373.00;1369.20;1340.40;1337.80;1088.40;1219.40;1109.80;1136.40;1198.50;1172.90;1078.10;1139.70;1179.20;1206.50;1154.60;1235.70;1140.00;1168.20;1187.30;1135.20;1157.70;921.90;934.00;938.90;927.60;918.30;829.80;856.20;944.40;895.20;875.80;893.80;683.70;342.80;154.20;96.50;49.70;32.70;31.90;45.50;50.90;30.70;49.90;34.90;55.10;42.60;51.20;40.40;47.60;31.10;48.00;30.20;64.30;32.40;48.60;30.70;31.50;48.60;62.60;31.10;48.00
2731.65;3241.05;3199.95;3218.85;3206.85;3181.20;3171.00;3173.25;3177.90;3180.30;3212.40;3185.40;3156.90;3151.05;3170.55;3157.80;3165.75;3163.35;3144.45;3169.20;3196.65;3189.60;3143.10;3133.65;3128.55;2818.80;2671.95;2590.80;2553.60;2306.25;1847.40;1775.70;1683.45;994.50;830.25;656.40;776.25;864.90;816.15;997.65;782.25;979.95;1045.50;841.80;694.95;2551.95;2441.55;2431.80;2431.50;2485.35;2412.30;1778.55;1413.30;1210.50;1416.75;1308.45;1459.35;1364.10;1570.95;1654.80;1549.50;618.00;674.55;886.65;867.45;893.85;828.75;729.00;909.45;912.60;1025.10;1141.20;1424.25;1978.80;2014.65;2016.75;2011.50;2123.85;2500.35;2609.70;2622.75;2720.70;2723.40;2751.60;2776.50;2803.65;2848.20;2792.55;2789.32;2785.08;2766.47;2795.48;2783.81;2772.95;2766.30;2752.95
827.92;795.07;758.40;781.35;773.77;745.42;806.62;839.77;828.82;819.22;792.45;763.72;789.22;788.62;780.67;819.67;895.42;804.15;962.17;945.37;879.00;895.35;884.62;822.67;877.95;860.77;888.45;852.22;843.52;841.20;804.15;823.57;794.32;762.07;830.77;691.20;825.45;764.32;753.22;694.80;730.65;691.12;714.07;674.40;669.60;672.97;476.77;520.57;562.57;655.05;669.00;612.90;572.85;519.37;560.92;524.32;608.62;532.80;558.90;557.25;503.85;561.67;480.67;493.27;510.30;539.47;509.77;428.25;322.12;282.37;207.15;200.55;206.40;209.47;198.52;188.62;198.90;420.37;421.42;524.10;644.62;646.80;639.82;642.52;732.52;768.52;726.82;813.30;810.67;780.90;807.30;833.47;806.47;788.70;748.12;782.47
1223.10;1250.10;1586.10;1525.05;1553.55;1354.20;1269.30;1180.95;1093.95;1016.55;1063.20;1073.40;1025.25;1011.15;931.95;903.60;940.65;890.70;934.20;944.85;972.75;1005.30;986.55;956.10;1030.35;1218.75;1459.20;1474.80;1268.10;1037.85;926.25;950.40;857.10;595.95;599.55;640.05;628.20;621.90;660.30;600.60;694.20;566.10;618.00;647.40;674.55;1222.20;2351.40;1909.20;1992.15;1715.25;1510.50;1485.15;1447.20;1134.30;904.20;724.65;777.00;871.80;732.90;928.80;936.75;1072.05;1042.80;953.10;904.65;939.00;1024.05;982.20;1090.20;1164.90;1140.30;1190.85;1214.10;1239.30;1280.10;1307.25;1310.25;1343.10;1383.15;1388.40;1321.05;1359.90;1350.90;1347.30;1393.50;1519.20;1466.55;1417.65;1388.85;1386.45;1424.10;1424.40;1387.65;1346.55;1309.35;1280.85
679.88;1180.65;1142.22;1344.63;1463.91;1404.23;1453.40;1351.65;1354.26;1338.07;1343.66;1208.35;1095.26;1080.81;1013.42;946.62;919.53;1026.98;1031.32;742.35;838.55;861.88;995.21;1090.57;986.75;1064.55;1169.61;1281.20;1540.75;1682.57;1811.26;1905.28;1960.77;2102.38;1536.66;1058.13;756.52;137.40;42.22;0.00;150.61;175.15;301.85;410.75;724.41;1540.30;1885.53;2226.11;1583.88;2085.88;1668.23;1660.30;1890.91;1595.52;1422.96;1513.40;2790.63;2888.37;2136.51;2910.42;2372.87;716.32;1169.23;923.27;1131.48;1663.31;1576.57;1978.02;2436.95;2531.55;2558.75;2532.88;2505.13;2111.42;1774.70;1607.43;1339.97;1204.88;1146.26;1138.82;1129.68;1169.16;1100.98;1230.08;1232.42;1172.47;1223.31;1104.16;1086.97;1054.01;1022.61;911.97;838.67;799.83;794.66;749.80
2215.20;2360.55;2430.90;2361.45;2404.05;2380.05;2413.80;2411.10;2392.65;2403.75;2415.60;2433.15;2430.30;2482.80;2487.90;2444.40;2439.00;2416.80;2401.20;2368.35;2375.40;2228.70;2246.40;2237.10;2236.50;2067.90;1980.90;1919.70;1844.85;1632.15;1617.60;1482.45;1562.10;1477.50;1295.10;1200.15;621.60;849.75;659.70;776.55;629.40;706.80;316.05;580.65;917.70;1255.20;1254.15;824.55;808.35;571.65;1371.00;588.90;1083.90;1161.30;845.10;943.35;785.25;908.85;1034.10;1206.45;1270.65;461.25;800.40;917.40;1289.40;1453.65;1598.25;1643.55;1997.25;2005.50;2480.25;2488.50;2538.15;2530.65;2580.75;2523.90;2604.15;2501.25;2499.00;2512.95;2443.50;2434.20;2391.90;2388.30;2310.75;2243.85;2285.55;2306.70;2321.25;2303.10;2248.80;2223.00;2244.45;2324.85;2280.15;2185.95
1701.90;1757.10;1816.80;1874.55;1761.90;1815.75;1850.40;1787.70;1796.25;1813.50;1831.65;1785.15;1807.35;1789.20;1831.65;1809.30;1791.60;1767.00;1799.10;1793.25;1768.80;1809.30;1755.30;1739.25;1707.75;1694.10;1674.30;1657.95;1550.85;1503.45;1436.85;1369.05;1308.00;1319.70;1209.30;1341.00;1301.25;1267.05;1213.50;1195.05;1100.85;1116.30;1254.30;1030.95;877.35;982.05;952.20;730.50;972.00;1051.05;1115.40;1232.70;1168.80;1145.40;1178.40;1194.30;961.50;1197.00;1109.10;1424.10;1528.95;1519.95;1492.80;1518.60;1550.25;1595.55;1661.70;1690.50;1633.95;1650.30;1676.25;1743.45;1853.70;1890.30;1895.85;1894.65;1840.05;1842.15;1769.10;1794.60;1729.80;1774.20;1743.45;1813.20;1819.80;1796.55;1825.65;1833.60;1821.30;1879.95;1887.00;1889.55;1885.05;1849.95;1774.95;1691.55
1241.10;1263.15;1253.40;1248.10;1236.35;1236.00;1239.15;1257.30;1244.25;1253.35;1248.25;1243.15;1250.50;1246.15;1234.95;1239.40;1228.40;1218.65;1220.80;1221.20;1225.15;1224.35;1215.25;1214.30;1195.15;1175.80;1126.80;1092.60;1097.40;1085.95;1065.35;1036.20;1009.70;985.30;972.50;988.15;1000.75;957.65;926.10;945.45;887.45;936.25;988.30;977.80;887.85;877.45;904.75;873.40;873.85;868.70;863.85;976.10;906.10;927.95;1015.55;923.90;891.90;956.70;1001.60;1001.40;1056.90;990.55;1008.85;1085.15;1085.15;1120.10;1131.00;1114.05;1143.55;1127.65;1153.35;1149.70;1172.20;1170.60;1200.15;1186.50;1225.10;1239.75;1251.65;1270.30;1275.85;1281.15;1273.10;1276.15;1282.60;1282.35;1278.10;1281.45;1272.65;1287.65;1282.30;1267.25;1272.75;1278.65;1269.05;1251.20
2031.60;1664.10;1857.00;2002.35;1991.85;1985.85;1952.85;1928.70;1902.45;1827.30;1771.80;1707.15;1607.40;1584.75;1509.45;1560.60;1665.45;1708.20;1672.35;1525.35;1628.40;1733.55;1486.50;1572.30;1692.15;1703.55;1690.65;1408.80;1492.65;1442.70;1373.85;1238.40;1165.95;1236.15;1139.70;1134.15;1239.60;1279.80;1224.75;1082.10;1048.35;932.25;682.05;761.10;878.40;1158.45;1003.35;1031.40;919.95;865.80;988.65;854.25;948.60;882.15;1181.70;1309.65;1415.40;1403.55;1361.85;1398.90;1804.50;1719.90;1743.75;1758.45;1979.40;1930.35;1864.80;1730.55;1558.50;1719.30;1638.15;1590.75;1434.45;1635.60;1511.70;1544.25;1466.25;1631.85;1518.30;1466.25;1552.95;1488.00;1601.55;1597.20;1643.70;1711.65;1936.20;1845.60;2130.75;2205.00;2052.45;2126.10;2104.35;2105.85;2140.50;2033.25
865.37;820.50;813.37;844.50;800.37;780.87;756.75;763.00;759.25;706.87;709.12;702.75;677.00;626.87;621.25;637.37;627.25;619.25;589.75;589.37;593.25;563.12;583.25;597.25;616.00;644.50;692.37;711.00;755.12;762.87;853.62;881.00;953.62;1187.62;1246.25;1221.25;1307.00;1385.25;1392.75;1415.50;1432.37;1455.37;1451.75;1453.12;1467.62;1487.00;1539.12;1581.50;1642.25;1669.25;1625.00;1639.12;1610.50;1608.25;1611.50;1637.00;1593.87;1616.00;1591.62;1592.12;1536.00;1629.37;1745.62;1702.75;1756.50;1729.87;1779.00;1759.12;1822.00;1771.00;1684.25;1660.12;1621.75;1619.87;1639.62;1621.37;1615.75;1628.12;1656.50;1656.12;1645.87;1583.75;1538.00;1486.50;1454.75;1312.75;1211.12;1181.37;1116.87;1039.25;1047.12;989.00;966.50;948.50;896.87;883.37
749.00;1595.30;1871.30;1834.90;1833.50;1867.30;1860.60;1814.20;1816.70;1836.50;1444.10;682.80;711.50;752.10;724.10;718.60;743.30;688.00;754.70;697.10;710.50;691.70;681.00;692.50;652.40;653.80;723.50;705.60;719.30;1568.50;1498.00;1694.30;1748.20;1902.20;1882.90;1905.00;930.30;650.50;695.80;750.00;580.30;544.40;654.70;470.40;1646.50;2446.60;2372.10;2377.10;2416.50;2446.50;2213.20;2450.10;2527.00;2498.90;2420.60;2472.60;2081.20;1903.10;1691.40;1712.10;1383.20;665.20;708.90;660.10;695.20;927.50;951.00;855.00;946.10;1592.80;1530.30;1688.60;1749.80;1743.60;1737.40;1679.00;1718.90;1691.70;1639.40;1699.10;1548.20;1480.80;1393.80;1295.30;1268.80;1210.40;1159.40;1251.70;1115.90;1039.10;999.80;915.80;810.40;847.90;766.40;750.40
516.55;477.30;458.82;452.05;440.70;411.20;411.55;402.97;417.72;409.02;400.25;420.70;392.32;407.32;392.40;389.22;400.27;392.00;416.55;376.65;368.07;376.65;387.12;466.80;474.55;498.77;517.47;543.02;553.70;668.00;672.60;774.25;893.22;1079.35;1304.95;1621.37;1909.42;2198.75;2301.42;2326.62;2361.40;2347.57;2395.75;2431.40;2534.37;2514.50;2521.32;2504.92;2516.02;2488.32;2476.10;2357.97;2373.32;2268.15;2277.30;2226.80;2240.32;2252.75;2229.55;2183.15;2197.37;2196.72;2120.62;2167.15;2207.32;2229.45;2235.77;2176.92;2228.60;2225.97;2208.37;2212.77;2120.57;2057.50;1926.85;1764.32;1730.20;1598.75;1490.07;1480.95;1442.37;1323.22;1294.20;1218.72;1099.22;1023.25;968.17;877.22;804.40;737.15;699.85;690.55;652.72;609.82;577.72;532.67
76.92;75.09;75.08;69.50;73.17;67.76;74.28;76.54;72.29;72.85;65.33;69.03;65.51;69.15;71.31;69.76;66.46;67.43;69.32;63.82;66.41;64.98;66.54;64.73;63.55;68.37;68.29;72.99;89.75;100.21;110.88;122.23;154.00;210.17;244.78;323.85;421.10;444.23;462.70;484.46;506.66;501.34;503.36;496.08;494.58;505.76;519.62;512.02;511.85;494.21;479.29;459.33;454.13;450.44;463.03;477.23;485.62;488.04;479.54;477.15;482.06;470.08;463.33;476.13;468.54;469.02;470.07;456.12;442.27;412.28;399.63;359.55;351.41;324.26;298.72;277.61;254.47;235.23;237.07;238.73;225.68;217.53;205.89;184.53;178.17;171.13;156.44;140.72;131.89;123.82;106.54;96.33;93.49;91.28;88.27;77.69
75.66;73.36;63.72;58.46;61.46;57.70;59.22;62.32;58.74;58.24;57.82;53.18;54.64;54.08;59.88;57.42;56.78;53.52;52.60;54.80;54.58;53.48;51.16;50.38;52.42;49.76;55.00;90.20;104.92;133.06;121.72;132.64;131.94;155.32;180.00;216.46;265.78;325.78;347.88;319.34;337.64;345.00;367.34;383.64;403.10;406.62;408.92;424.30;436.86;433.10;427.10;418.06;415.58;400.64;378.38;370.70;353.76;343.18;350.82;329.70;326.10;324.42;325.20;325.38;315.16;363.42;342.26;341.88;344.42;327.16;311.36;300.34;274.32;277.52;287.44;271.42;291.88;281.80;263.72;259.00;233.76;217.38;207.48;183.28;170.96;151.70;128.86;114.48;108.86;104.52;104.30;100.16;95.88;89.18;88.02;83.72
122.90;105.40;95.50;127.10;91.65;102.45;73.45;68.05;92.25;97.15;72.80;71.60;77.20;70.20;72.45;73.50;100.10;108.20;89.35;125.40;116.80;114.95;130.95;244.55;224.15;214.30;201.70;145.25;153.00;331.70;221.25;283.80;224.95;153.25;182.50;186.30;177.55;97.40;132.50;61.35;158.55;113.50;150.35;125.15;67.60;54.00;0.00;60.60;185.70;155.90;176.75;192.50;199.25;236.50;178.90;324.25;172.95;223.70;230.70;167.90;314.95;341.55;320.50;344.85;282.15;296.15;425.45;380.95;305.75;280.40;329.80;459.20;450.65;464.20;452.35;343.00;321.15;250.75;287.70;265.60;229.15;243.70;205.20;207.05;169.35;144.00;146.35;120.85;122.35;127.45;133.15;132.80;132.90;142.45;157.40;124.55
